epoch	phase	lr	train_mse	train_total	val_mse	val_nse	val_kge	tau	tau_eff	pi_0	pi_1
0	init_daily	0.000000e+00	nan	nan	1.670051	-0.0250	-0.5422	0.250000	0.250000	0.643186	0.356814
1	daily	1.600000e-04	0.629536	0.616627	0.696663	0.5603	0.5321	0.246212	0.246212	0.486556	0.513444
2	daily	2.800000e-04	0.379402	0.366813	0.517308	0.6654	0.6213	0.244517	0.244517	0.569220	0.430780
3	daily	4.000000e-04	0.316603	0.304397	0.461430	0.7038	0.6107	0.245039	0.245039	0.617818	0.382182
4	daily	3.998377e-04	0.290481	0.278152	0.473040	0.6936	0.6538	0.248738	0.248738	0.603570	0.396430
5	daily	3.993512e-04	0.268958	0.256322	0.450202	0.7201	0.6714	0.251888	0.251888	0.606865	0.393135
6	daily	3.985411e-04	0.254903	0.242054	0.446128	0.7169	0.6013	0.255288	0.255288	0.585776	0.414224
7	daily	3.974089e-04	0.246236	0.233201	0.446357	0.6959	0.6565	0.258555	0.258555	0.580828	0.419172
8	daily	3.959565e-04	0.240038	0.226914	0.487210	0.7097	0.6811	0.262092	0.262092	0.587408	0.412592
9	daily	3.941863e-04	0.235613	0.222432	0.449208	0.7294	0.6263	0.266771	0.266771	0.586165	0.413835
10	daily	3.921011e-04	0.231038	0.217774	0.427743	0.7188	0.6716	0.269561	0.269561	0.585046	0.414954
11	daily	3.897046e-04	0.228787	0.215461	0.453551	0.7114	0.6968	0.271651	0.271651	0.577141	0.422859
12	daily	3.870006e-04	0.227946	0.214584	0.430811	0.7367	0.6598	0.274338	0.274338	0.580724	0.419276
13	daily	3.839937e-04	0.222408	0.208994	0.433726	0.7298	0.6760	0.276970	0.276970	0.574255	0.425745
14	daily	3.806889e-04	0.222134	0.208705	0.432041	0.7268	0.6959	0.279696	0.279696	0.574365	0.425635
15	daily	3.770917e-04	0.219041	0.205585	0.440951	0.7393	0.6457	0.281266	0.281266	0.560839	0.439161
16	daily	3.732081e-04	0.219216	0.205707	0.454242	0.7489	0.6509	0.284914	0.284914	0.563312	0.436688
17	daily	3.690444e-04	0.214906	0.201364	0.448514	0.7298	0.6887	0.286227	0.286227	0.553432	0.446568
18	daily	3.646078e-04	0.213978	0.200416	0.438915	0.7309	0.7038	0.287612	0.287612	0.550929	0.449071
# SWA activated at epoch 18
19	swa	2.000000e-04	0.221968	0.208598	0.436509	0.7425	0.6358	0.268636	0.268636	0.571728	0.428272
20	swa	2.000000e-04	0.219413	0.205991	0.431783	0.7270	0.6819	0.269070	0.269070	0.574589	0.425411
21	swa	2.000000e-04	0.219381	0.205932	0.429322	0.7303	0.6930	0.269448	0.269448	0.575474	0.424526
22	swa	2.000000e-04	0.216200	0.202722	0.423412	0.7293	0.7011	0.269568	0.269568	0.574657	0.425343
23	swa	2.000000e-04	0.216175	0.202665	0.422334	0.7333	0.6961	0.269824	0.269824	0.573207	0.426793
24	swa	2.000000e-04	0.214020	0.200494	0.421095	0.7344	0.6954	0.270040	0.270040	0.571127	0.428873
25	swa	2.000000e-04	0.212518	0.198972	0.423899	0.7358	0.6933	0.270172	0.270172	0.570298	0.429702
26	swa	2.000000e-04	0.211865	0.198306	0.422428	0.7360	0.6949	0.270380	0.270380	0.568677	0.431323
27	swa	2.000000e-04	0.211756	0.198177	0.422111	0.7393	0.6949	0.270490	0.270490	0.567499	0.432501
28	swa	2.000000e-04	0.211929	0.198341	0.420790	0.7396	0.6988	0.270599	0.270599	0.566643	0.433357
29	swa	2.000000e-04	0.209469	0.195866	0.419800	0.7395	0.6934	0.270743	0.270743	0.565641	0.434359
30	swa	2.000000e-04	0.208464	0.194847	0.418700	0.7414	0.6965	0.270887	0.270887	0.565152	0.434848
31	swa	2.000000e-04	0.207133	0.193513	0.419696	0.7436	0.6964	0.271031	0.271031	0.565021	0.434979
32	swa	2.000000e-04	0.208238	0.194604	0.420435	0.7442	0.6827	0.271169	0.271169	0.563269	0.436731
33	swa	2.000000e-04	0.205937	0.192294	0.419615	0.7473	0.6936	0.271305	0.271305	0.562973	0.437027
34	swa	2.000000e-04	0.205540	0.191893	0.419386	0.7463	0.6983	0.271425	0.271425	0.562922	0.437078
35	swa	2.000000e-04	0.204510	0.190852	0.419657	0.7466	0.6972	0.271555	0.271555	0.561364	0.438636
36	swa	2.000000e-04	0.204562	0.190901	0.418528	0.7461	0.6988	0.271712	0.271712	0.561283	0.438717
37	swa	2.000000e-04	0.204148	0.190472	0.417247	0.7467	0.6917	0.271875	0.271875	0.560351	0.439649
38	swa	2.000000e-04	0.202151	0.188478	0.415912	0.7461	0.6893	0.272029	0.272029	0.559881	0.440119
39	swa	2.000000e-04	0.202580	0.188899	0.416385	0.7430	0.6911	0.272211	0.272211	0.559327	0.440673
40	swa	2.000000e-04	0.202366	0.188673	0.416667	0.7428	0.6929	0.272414	0.272414	0.558626	0.441374
41	swa	2.000000e-04	0.200381	0.186681	0.415081	0.7426	0.6966	0.272611	0.272611	0.557969	0.442031
42	swa	2.000000e-04	0.199658	0.185958	0.413725	0.7431	0.7049	0.272806	0.272806	0.557080	0.442920
43	swa	2.000000e-04	0.201200	0.187500	0.413530	0.7444	0.7019	0.273017	0.273017	0.556431	0.443569
44	swa	2.000000e-04	0.199838	0.186134	0.413844	0.7460	0.7071	0.273231	0.273231	0.555975	0.444025
45	swa	2.000000e-04	0.198345	0.184638	0.413367	0.7456	0.7064	0.273439	0.273439	0.555169	0.444832
46	swa	2.000000e-04	0.200117	0.186409	0.413045	0.7446	0.7091	0.273626	0.273626	0.554933	0.445067
47	swa	2.000000e-04	0.197056	0.183335	0.414491	0.7480	0.7002	0.273814	0.273814	0.554275	0.445725
48	swa	2.000000e-04	0.198874	0.185158	0.414610	0.7488	0.7020	0.274032	0.274032	0.553980	0.446020
49	swa	2.000000e-04	0.197484	0.183765	0.415400	0.7463	0.7104	0.274232	0.274232	0.553963	0.446037
50	swa	2.000000e-04	0.198697	0.184969	0.413806	0.7494	0.7033	0.274437	0.274437	0.553272	0.446728
51	swa	2.000000e-04	0.194875	0.181148	0.414252	0.7508	0.7041	0.274641	0.274641	0.552708	0.447292
52	swa	2.000000e-04	0.196280	0.182551	0.413918	0.7499	0.7030	0.274835	0.274835	0.552301	0.447699
# SWA converged at epoch 52
