version https://git-lfs.github.com/spec/v1
oid sha256:89f6e830fd28ab371da9bae73309c151d87eaf30a2bdf176744d49ff7a747dc6
size 156423
