version https://git-lfs.github.com/spec/v1
oid sha256:fb6c94ceecf04fa1c30323758bb4aadac6b109ea5e325a37f375845f35f29bd9
size 410503
