version https://git-lfs.github.com/spec/v1
oid sha256:91607d0ab88a30445e48d5c06e73b3745c025cdd4cfa1ad2d92a93e711bcf3d4
size 1088292
